Date,Open,High,Low,Close,Adj Close,Volume
2020-07-20,9187.220703,9214.270508,9137.509766,9164.231445,9164.231445,13755604145
2020-07-21,9162.514648,9407.262695,9149.389648,9374.887695,9374.887695,18069581955
2020-07-22,9375.080078,9530.518555,9319.653320,9525.363281,9525.363281,16532254884
2020-07-23,9527.141602,9610.247070,9483.003906,9581.072266,9581.072266,18146399002
2020-07-24,9585.514648,9623.336914,9481.454102,9536.892578,9536.892578,16552768325
2020-07-25,9539.485352,9704.556641,9530.211914,9677.113281,9677.113281,16610070933
2020-07-26,9680.234375,10023.807617,9652.847656,9905.166992,9905.166992,20507998997
2020-07-27,9905.217773,11298.221680,9903.969727,10990.873047,10990.873047,35359749590
2020-07-28,11017.463867,11204.327148,10632.631836,10912.823242,10912.823242,28766551142
2020-07-29,10912.953125,11304.397461,10856.141602,11100.467773,11100.467773,24617249715
2020-07-30,11099.833008,11169.356445,10895.455078,11111.213867,11111.213867,22857247901
2020-07-31,11110.210938,11415.864258,10987.053711,11323.466797,11323.466797,23160469766
2020-08-01,11322.570313,11794.775391,11239.682617,11759.592773,11759.592773,26075670303
2020-08-02,11758.764648,12034.144531,11018.129883,11053.614258,11053.614258,27410067336
2020-08-03,11043.768555,11453.079102,11012.415039,11246.348633,11246.348633,20271713443
2020-08-04,null,null,null,null,null,null
2020-08-05,11203.823242,11786.617188,11158.285156,11747.022461,11747.022461,24411254471
2020-08-06,11749.871094,11902.335938,11598.713867,11779.773438,11779.773438,23400740340
2020-08-07,11778.894531,11898.038086,11408.593750,11601.472656,11601.472656,23132312867
2020-08-08,11604.553711,11800.064453,11558.431641,11754.045898,11754.045898,17572057837
2020-08-09,11737.325195,11806.056641,11548.784180,11675.739258,11675.739258,17489608833
2020-08-10,11662.256836,12045.140625,11662.256836,11878.111328,11878.111328,26114112569
2020-08-11,11881.647461,11932.710938,11195.708984,11410.525391,11410.525391,27039782640
2020-08-12,11404.596680,11748.396484,11249.605469,11584.934570,11584.934570,25064548486
2020-08-13,11588.405273,11796.396484,11216.872070,11784.137695,11784.137695,27522199497
2020-08-14,11772.659180,12150.994141,11685.455078,11768.871094,11768.871094,24237958589
2020-08-15,11768.697266,11963.203125,11768.697266,11865.698242,11865.698242,23354924400
2020-08-16,11866.685547,11934.901367,11737.188477,11892.803711,11892.803711,20583375490
2020-08-17,11895.658203,12359.056641,11806.696289,12254.402344,12254.402344,28227687027
2020-08-18,12251.895508,12335.707031,11954.525391,11991.233398,11991.233398,26043227672